(9, 7), (9, 8), (9, 9), (9, 10), (9, 11), (9, 12), (9, 13), (9, 14), 
2220002222222222220222222222222220002222
2000000000000000000000000000000000000002
0000000000000002220000000002200000000000
0000000022200002220000000000000000000000
0000002220000000000000022000000000000000
2000022000000000000000022000000000000002
2000220000220000000000002200000000000002
2002220000220000000022222222220000000002
0200000000000000000000002200000000000002
0200000111111110000000002200000000000002
2000000000000000000000022200000000000000
2000000000000000000000000000000000000000
2000000000000000000000000000000000000002
2000000000000000000000000000000000000002
2000000000000000000000000000000000000002
2000000000000000000000000000000000000002
2000000000000000000000000000000000000002
2000000000000000000000000000000000000000
2000000000000000002220000000000000000000
2000000000000000022222000000000000000000
2000000000000000002220000000000000000000
2000000000000000000000000000000000000000
0000000000000000000000000000000000000002
0000000000000000000000000000000000000002
2000000000000000000000000000000000000002
2000000000000000000000000000000000000002
2000000000000000000000000000000000000002
2000000220000000000000000000000000000002
2000000000000000000000000000000000000002
2000000000000000222000000000000000000002
2000000000002220000000000000000000000002
2000000000000000000022200000000000000002
2000000000000000000000000000000000000000
2000000000000000000000000000000000000000
0000000000000000000000000002200000000000
0000000000000000000000000000000000000002
0000000000000000000000000000000000000002
2000000000000000000000000000000000000002
2000000000000000000000000000000000000002
2222220002222222222222222222222220002222
[(0, 0), (0, 1), (0, 2), (0, 6), (0, 7), (0, 8), (0, 9), (0, 10), (0, 11), (0, 12), (0, 13), (0, 14), (0, 15), (0, 16), (0, 17), (0, 19), (0, 20), (0, 21), (0, 22), (0, 23), (0, 24), (0, 25), (0, 26), (0, 27), (0, 28), (0, 29), (0, 30), (0, 31), (0, 32), (0, 36), (0, 37), (0, 38), (0, 39), (1, 0), (1, 39), (2, 15), (2, 16), (2, 17), (2, 27), (2, 28), (3, 8), (3, 9), (3, 10), (3, 15), (3, 16), (3, 17), (4, 6), (4, 7), (4, 8), (4, 23), (4, 24), (5, 0), (5, 5), (5, 6), (5, 23), (5, 24), (5, 39), (6, 0), (6, 4), (6, 5), (6, 10), (6, 11), (6, 24), (6, 25), (6, 39), (7, 0), (7, 3), (7, 4), (7, 5), (7, 10), (7, 11), (7, 20), (7, 21), (7, 22), (7, 23), (7, 24), (7, 25), (7, 26), (7, 27), (7, 28), (7, 29), (7, 39), (8, 1), (8, 24), (8, 25), (8, 39), (9, 1), (9, 24), (9, 25), (9, 39), (10, 0), (10, 23), (10, 24), (10, 25), (11, 0), (12, 0), (12, 39), (13, 0), (13, 39), (14, 0), (14, 39), (15, 0), (15, 39), (16, 0), (16, 39), (17, 0), (18, 0), (18, 18), (18, 19), (18, 20), (19, 0), (19, 17), (19, 18), (19, 19), (19, 20), (19, 21), (20, 0), (20, 18), (20, 19), (20, 20), (21, 0), (22, 39), (23, 39), (24, 0), (24, 39), (25, 0), (25, 39), (26, 0), (26, 39), (27, 0), (27, 7), (27, 8), (27, 39), (28, 0), (28, 39), (29, 0), (29, 16), (29, 17), (29, 18), (29, 39), (30, 0), (30, 12), (30, 13), (30, 14), (30, 39), (31, 0), (31, 20), (31, 21), (31, 22), (31, 39), (32, 0), (33, 0), (34, 27), (34, 28), (35, 39), (36, 39), (37, 0), (37, 39), (38, 0), (38, 39), (39, 0), (39, 1), (39, 2), (39, 3), (39, 4), (39, 5), (39, 9), (39, 10), (39, 11), (39, 12), (39, 13), (39, 14), (39, 15), (39, 16), (39, 17), (39, 18), (39, 19), (39, 20), (39, 21), (39, 22), (39, 23), (39, 24), (39, 25), (39, 26), (39, 27), (39, 28), (39, 29), (39, 30), (39, 31), (39, 32), (39, 36), (39, 37), (39, 38), (39, 39)]
1 8 40 40